Multiple size <= 100
TEST 1 ARG:69 21 12 13 41 94 58 93 9 96 0 64 11 82 23 71 38 15 29 77 35 59 67 57 56 63 60 16 98 49 89 1 42 47 39 10 8 5 2 65 34 54 36 22 75 72 91 83 45 84 31 66 80 28 97 43 51 24 37 27 48 76 61 33 40 30 81 52 50 19 32 14 78 87 86 92 3 74 99 17 70 7 88 62 90 55 26 18 53 20 85 6 95 25 73 68 79 4 46 44 
TEST 2 ARG:1 87 75 15 5 93 65 80 10 2 84 79 30 91 41 97 36 58 46 3 7 50 42 56 23 12 43 22 62 17 81 21 94 47 19 71 57 70 6 45 72 49 31 89 0 37 92 18 54 16 9 99 68 39 74 11 29 32 73 61 48 25 53 26 34 28 83 85 77 4 14 59 67 96 63 33 27 76 69 38 52 86 64 55 66 35 95 78 20 82 8 98 88 51 60 90 40 44 13 24 
TEST 3 ARG:57 39 68 53 8 18 22 59 74 19 25 69 38 24 65 63 56 14 48 86 98 80 72 26 64 42 16 89 33 0 41 93 82 1 99 95 44 4 88 30 71 77 96 50 32 9 49 40 3 35 91 54 37 17 31 2 45 73 92 61 67 13 10 55 83 94 84 15 90 79 81 29 66 87 11 43 36 21 27 5 52 70 23 85 28 76 58 7 6 12 34 75 51 46 47 20 62 60 78 97 
TEST 4 ARG:57 50 80 75 23 91 22 63 33 17 10 53 69 82 48 39 68 29 66 64 28 92 0 79 90 45 12 41 18 73 13 44 87 42 71 54 61 58 85 38 95 21 43 67 24 40 34 31 7 16 32 70 93 77 27 97 36 94 83 3 86 99 60 19 59 88 72 15 25 55 9 76 1 51 84 14 35 2 49 74 8 20 26 30 37 96 11 6 89 56 65 62 81 52 4 78 47 46 98 5 
TEST 5 ARG:68 24 16 33 99 98 97 18 63 90 85 62 34 0 95 8 58 39 54 65 81 37 94 11 56 14 52 66 7 13 41 4 3 17 32 21 64 72 80 30 86 82 53 59 42 20 67 49 38 51 36 12 57 25 92 96 45 75 83 35 60 91 26 61 79 19 73 48 5 6 47 10 89 27 31 77 84 74 46 44 93 40 71 22 50 88 1 78 55 9 70 76 69 28 23 2 43 29 87 15 
TEST 6 ARG:62 92 7 67 31 58 54 39 41 2 46 82 25 81 98 13 40 51 71 15 8 99 55 10 63 95 73 72 1 20 33 28 47 93 24 42 29 19 88 9 49 38 5 14 97 65 6 22 48 78 91 26 52 45 23 83 50 69 61 60 36 4 44 66 70 3 34 37 53 75 85 90 56 30 84 94 59 21 87 0 17 11 12 86 18 89 64 80 35 57 32 76 74 68 16 96 79 27 43 77 
TEST 7 ARG:69 70 9 98 31 25 76 26 78 74 65 56 29 50 58 43 93 53 6 83 42 68 2 17 90 36 8 21 38 95 10 11 5 86 35 7 30 49 51 89 33 57 22 4 87 88 81 48 72 46 24 15 47 60 99 13 97 62 19 40 3 71 34 84 27 61 45 55 14 63 1 0 20 96 41 77 75 23 16 66 32 67 85 82 28 91 79 18 94 39 64 52 54 37 92 59 80 44 12 73 
TEST 8 ARG:4 23 18 16 65 98 92 40 84 81 3 85 97 66 41 13 26 21 47 33 82 43 37 54 28 94 35 86 20 30 63 6 70 55 79 11 69 48 32 80 78 93 72 87 61 50 58 31 38 60 73 45 44 77 57 89 49 29 59 22 64 53 42 51 68 91 5 88 56 19 52 15 75 74 17 99 90 14 10 46 34 0 8 95 9 2 62 27 83 12 36 39 24 76 7 67 96 71 25 1 
TEST 9 ARG:96 21 88 37 87 5 24 17 40 76 22 83 56 71 91 69 33 49 44 78 68 79 23 36 74 15 97 32 67 31 64 8 43 28 93 53 60 52 34 82 42 3 26 70 10 89 66 98 1 9 41 7 51 25 95 50 27 85 45 59 18 84 20 12 90 4 6 62 38 0 14 81 29 75 92 63 11 55 35 19 86 73 65 39 72 47 61 80 16 99 2 13 58 54 94 77 46 57 30 48 
TEST 10 ARG:95 58 55 26 47 3 30 51 16 42 60 7 14 33 9 27 41 86 81 64 5 61 75 65 93 53 71 17 10 37 56 18 34 20 72 21 44 49 39 96 43 57 84 90 2 67 85 83 80 70 24 19 92 31 63 99 52 13 59 94 74 28 25 69 91 38 89 77 50 82 78 87 88 32 35 97 66 54 8 79 76 62 12 11 0 6 15 23 36 46 48 98 29 45 4 22 68 73 1 40 
TEST 11 ARG:82 84 26 25 38 41 24 29 36 27 8 93 11 73 86 51 70 1 56 2 48 6 4 95 63 14 79 57 37 33 53 35 3 42 46 90 71 21 68 65 0 9 12 98 78 94 99 7 17 39 77 72 20 49 59 54 76 81 16 23 61 18 58 62 28 30 87 92 44 83 75 22 5 45 52 19 85 10 50 60 64 31 13 67 47 80 43 34 32 89 55 88 15 97 96 91 40 69 74 66 
TEST 12 ARG:23 18 66 24 40 4 89 7 2 12 86 20 54 9 17 56 22 53 83 31 76 93 15 51 46 36 60 98 43 11 35 96 39 49 25 3 84 90 82 80 47 28 69 65 33 67 88 61 77 19 8 16 32 58 52 1 95 87 5 63 74 10 41 64 21 57 70 29 72 38 44 81 34 85 73 79 6 27 94 48 75 92 50 0 91 37 14 42 55 99 59 13 45 97 30 62 68 71 26 78 
TEST 13 ARG:78 2 34 4 73 98 87 61 76 82 44 8 0 74 7 85 45 96 64 71 15 68 6 20 55 46 21 17 51 19 81 91 60 14 26 24 43 70 5 94 69 29 52 12 80 97 79 11 92 75 18 86 58 3 50 93 41 88 33 65 99 9 67 25 30 62 53 57 35 16 13 22 31 48 89 49 1 10 84 77 23 38 95 83 42 72 36 59 47 39 40 32 56 37 54 27 66 90 28 63 
TEST 14 ARG:34 41 35 99 79 46 83 5 71 50 92 82 11 56 44 12 25 88 3 68 98 8 48 2 93 70 27 87 33 38 94 22 63 15 85 58 20 51 28 75 60 13 21 97 16 64 72 40 24 30 6 10 31 42 37 26 49 73 90 7 1 29 86 52 76 23 95 91 62 0 18 84 14 74 67 61 45 89 43 4 57 80 47 39 77 69 53 19 81 78 32 17 9 65 59 96 66 54 55 36 
TEST 15 ARG:3 90 89 38 35 76 29 44 63 42 71 78 75 65 12 21 83 37 30 0 88 33 57 62 94 80 69 34 2 41 17 67 91 86 77 39 46 18 9 31 26 14 85 36 10 53 47 98 52 20 4 74 8 68 79 97 81 11 92 56 32 64 50 59 7 58 6 25 84 93 49 27 60 51 45 87 24 61 70 28 66 43 23 40 5 13 82 95 72 1 19 16 48 22 54 73 99 15 55 96 
TEST 16 ARG:39 17 93 63 38 0 59 6 88 57 98 15 74 46 3 76 70 28 49 27 31 18 90 10 47 48 4 97 44 20 56 85 80 45 73 5 11 21 53 65 72 84 42 55 81 29 24 60 77 7 86 30 1 34 23 96 89 64 16 50 83 12 35 2 92 40 68 8 69 36 87 25 43 37 58 61 75 33 62 82 41 19 22 67 54 26 32 14 71 13 51 94 79 9 66 95 52 91 78 99 
TEST 17 ARG:24 5 91 10 89 13 81 75 20 70 85 88 18 76 45 94 74 37 56 0 53 29 68 61 44 16 97 58 71 17 78 6 54 40 69 30 27 2 8 87 28 42 41 1 90 63 82 43 50 47 15 48 73 60 92 3 93 98 26 38 67 14 55 25 65 64 11 39 31 72 66 22 80 95 83 49 36 4 59 84 19 99 96 51 32 7 46 9 77 34 86 23 52 57 35 79 62 21 12 33 
TEST 18 ARG:24 66 53 34 49 87 55 6 48 0 52 56 75 71 22 44 95 98 28 92 5 79 54 40 59 62 23 57 74 11 97 39 77 94 81 1 47 84 15 4 26 86 19 31 60 10 73 18 14 99 30 76 16 2 45 29 3 27 46 50 7 37 43 32 72 80 82 83 38 91 64 85 90 58 13 65 17 63 25 68 42 35 67 20 33 89 78 51 61 8 70 88 96 41 9 12 21 36 93 69 
TEST 19 ARG:18 77 53 85 84 22 82 90 25 89 5 92 76 99 79 38 41 55 39 59 21 6 16 4 54 75 29 81 1 40 58 24 70 87 96 44 88 98 49 63 61 15 46 32 47 93 2 67 8 36 52 80 31 95 11 43 28 48 37 23 34 56 73 78 33 7 68 65 17 30 3 12 66 69 35 60 20 45 14 50 19 74 64 91 94 42 26 86 27 51 62 97 13 72 83 71 9 57 10 0 
TEST 20 ARG:70 45 27 66 5 26 97 36 32 49 67 21 18 48 69 55 54 34 39 30 10 68 25 85 35 38 20 50 42 63 60 82 78 93 24 14 84 86 17 33 74 8 4 98 96 88 52 31 15 12 80 71 72 29 90 73 59 6 9 40 89 37 23 22 11 94 57 7 79 56 92 53 62 76 91 95 61 44 83 75 16 1 58 81 28 43 47 65 41 3 2 19 77 46 64 87 13 0 99 51 
TEST 21 ARG:13 12 4 26 11 78 3 60 10 20 95 25 98 88 87 40 89 28 41 64 66 99 29 75 56 21 9 93 71 52 0 84 38 63 82 35 62 65 53 46 83 8 85 17 19 18 31 30 67 14 32 77 76 54 74 96 5 2 22 49 7 69 51 37 79 33 92 68 50 61 72 44 91 36 81 6 55 70 15 80 86 45 42 24 59 97 27 43 39 48 16 58 73 90 34 57 1 23 94 47 
TEST 22 ARG:82 42 77 90 15 17 11 68 19 26 98 84 1 54 78 33 95 61 38 76 93 2 10 74 8 99 3 36 87 24 43 4 73 89 27 65 48 25 86 35 29 62 31 18 44 52 71 69 51 28 21 20 50 70 6 83 5 81 72 37 13 59 58 57 66 32 56 88 9 96 0 85 49 79 30 94 39 16 64 46 91 40 12 22 67 34 7 75 23 47 63 60 45 92 14 41 53 80 97 55 
TEST 23 ARG:58 22 69 45 68 34 49 54 25 86 99 83 94 78 73 91 66 92 7 76 62 84 87 30 38 5 55 19 43 15 0 44 75 59 85 8 79 47 31 81 80 24 52 56 89 74 13 4 65 71 51 64 96 41 14 82 29 32 35 97 48 63 2 1 16 37 23 72 20 50 33 27 98 61 67 18 88 10 57 90 21 26 36 3 70 40 28 6 53 60 9 17 39 11 95 93 77 46 42 12 
TEST 24 ARG:64 14 53 10 30 82 65 88 37 51 66 97 76 3 6 87 56 9 72 35 67 29 59 62 70 63 85 33 91 60 13 45 96 26 5 22 46 61 25 1 48 2 20 11 99 38 68 40 49 34 94 39 7 71 92 80 58 90 19 84 0 98 52 79 47 83 24 86 44 50 43 27 36 78 73 28 41 8 18 17 69 15 89 32 95 81 93 31 12 55 77 57 75 23 42 4 74 21 54 16 
